
If you're here, you shouldn't be.  Or maybe you should.  What do I know?
The fair city of Rodom was invaded by a horrid dragon.
This fell beast ate 4 people, killed 3, and
injured 29 more. The thing was seen going
south, towards the river.

 11bdp       Magic-User
 20jmr       Cleric
 11Flinx     Ranger
O 901   3   8
   1   2   3   4   0   0
   5   6   7   8   0   0
   5   6   7   8   0   0
  16  17  18  19   0   0
  70  71  72   0   0   0
  73  74  75  76   0   0
  77  78  79   0   0   0
  80  81  82   0   0   0
  83  84  85   0   0   0
  86  87  88   0   0   0
  89  90  91  92   0   0
  93  94  95   0   0   0
  96  97  98   0   0   0
  99  69  68   0   0   0
  70  70  71   0   0   0
   9  11  12  16   0   0
  21  12  23  21   0   0
  22  23  21  12   0   0
  20  20  20  22  23   0
  11  29  28  30   0   0
   0   0   0   0   0   0
   0   0   0   0   0   0
  24  25   0   0   0   0
  26  27  26  27   0   0
  40  41  42  43   0   0
  31  32  33  34   0   0
   0   0   0   0   0   0
   0   0   0   0   0   0
   0   0   0   0   0   0
   0   0   0   0   0   0
   0   0   0   0   0   0
   0   0   0   0   0   0
   0   0   0   0   0   0
   0   0   0   0   0   0
   0   0   0   0   0   0
   0   0   0   0   0   0
   0   0   0   0   0   0
   0   0   0   0   0   0
   0   0   0   0   0   0
  64  64  65   0   0   0
  65  65  66   0   0   0
  66  67  63  63   0   0
  50  51  52   0   0   0
  53  54  55   0   0   0
  56  57  78   0   0   0
  58  59  60   0   0   0
  62  62  62  62  62  62
   0   0   0   0   0   0
   1   2   3   4   0   0
  47  48   0   0   0   0
   2   3   2   3  48   0
  22  22   0   0   0   0
  42  43  44   0   0   0
  45  46  47   0   0   0
   6  13   9  32   0   0
  25  22   1   1  40   0
  24  24  24  24  40   0
   6   8  30  21   4   0
  26  29   0   0   0   0
   3  12   9  21   9   0
  30  31  32   0   0   0
  33  11  34  35   0   0
  34  38  36   7   0   0
  38  38  37  37  11   0
  32  31   6   0   0   0
   0   0   0   0   0   0
  16  30  26  34  32   0
  38  39   0   0   0   0
  38  39   7   0   0   0
  37  36   0   0   0   0
   0   0   0   0   0   0
   0   0   0   0   0   0
   0   0   0   0   0   0
   0   0   0   0   0   0
  26  29  29  35  65   0
  50  51  51  51   0   0
  52  53  53   0   0   0
  25  25  25  25   0   0
  38  38  38   0   0   0
  60  60  60  61  61   0
   3   3  13   9  62  62
  63  63  63   0   0   0
  65  65  32  32  64  64
  65  65  65  32  32  32
  38  38  66  66   0   0
  67  67  65  65  65   0
  68  68  68  68   0   0
  69  69  69  38  38   0
  32  32  32  32   0   0
  70  70  71   0   0   0
  72  72  72  72   0   0
  73  74  74   0   0   0
  34  34  38  25  25   0
   0   0   0   0   0   0
  35  35  35   0   0   0
  38  65  76  78   0   0
  75  75  75  75  77  77
   0   0   0   0   0   0
   0   0   0   0   0   0
   0   0   0   0   0   0
